Sample	Tot_reads(M)	rRNA(%)	Map(%)	UQ_map(%)	Gene_assn(%)	Strand(%)	5prime_cov	3prime_cov	Mean_GC(%)	Dup(%)	Mean_inner_dist	CDS(%)	UTR(%)	Intronic(%)	Intergenic(%)	chrM(%)	Top_ten(%)	Splice_rate(%)
AA1	52.47	0.04	94.52	88.50	81.85	99.57	1.00	1.02	49.72	29.52	129.99	61.61	18.95	13.20	6.23	0.70	9.16	29.71
AA2	46.17	0.06	96.97	91.61	78.26	99.54	1.00	1.02	48.94	25.48	131.30	59.17	18.44	16.85	5.54	0.84	9.16	28.26
AA3	48.27	0.02	92.72	87.17	78.51	99.53	1.00	1.01	49.62	26.25	124.92	60.62	17.21	16.22	5.94	0.95	9.20	28.97
AET1	45.32	0.04	96.62	91.37	82.29	99.42	0.99	1.03	49.17	28.25	131.31	62.13	21.01	11.70	5.16	3.32	8.92	27.34
AET2	31.53	0.09	95.90	90.30	79.83	99.40	0.99	1.03	49.51	25.26	133.59	60.68	19.77	13.97	5.58	2.83	9.14	26.49
AO1	51.13	0.02	95.43	90.24	71.30	99.17	1.00	1.02	49.19	27.13	125.67	55.54	16.20	21.77	6.49	1.17	10.00	24.93
AO2	50.05	0.20	93.51	88.04	74.10	99.17	0.99	1.03	49.54	26.85	131.46	57.27	16.90	19.25	6.57	1.15	9.86	25.94
AO3	27.73	0.09	94.09	88.77	75.72	99.26	0.99	1.03	49.54	22.06	130.96	58.50	17.51	17.74	6.24	1.15	9.80	26.62
BD1	145.09	0.09	92.69	86.77	81.57	99.37	0.99	1.03	51.85	44.64	111.41	68.04	16.38	9.75	5.83	2.79	11.76	30.34
BD3	47.35	0.05	95.63	90.02	79.93	99.39	0.99	1.03	51.00	33.24	127.38	66.50	16.97	11.08	5.45	3.16	12.08	28.43
BD4	52.32	0.12	94.15	89.16	75.84	99.35	0.99	1.03	50.03	31.78	130.85	62.17	16.83	15.65	5.35	2.50	11.21	26.85
BR1	50.85	0.07	96.91	91.61	79.92	99.37	0.99	1.02	50.52	32.20	137.09	65.68	17.49	11.71	5.11	3.33	11.26	28.53
BR2	42.04	0.12	94.45	89.52	76.31	99.33	0.99	1.03	50.33	29.13	133.96	62.97	16.60	15.25	5.18	2.16	11.23	27.53
BR3	45.60	0.04	95.83	91.07	74.88	99.31	0.99	1.03	49.68	29.36	132.01	61.30	16.54	17.04	5.12	2.56	11.45	26.58
BR4	49.91	0.04	97.40	92.97	69.71	99.24	0.98	1.04	47.80	28.36	125.35	55.83	16.20	22.66	5.31	3.37	11.88	23.31
BT1	29.28	0.32	92.43	87.32	82.50	99.37	1.00	1.03	51.20	28.58	128.21	67.86	18.09	9.31	4.74	2.80	11.41	29.82
BT2	31.58	0.11	95.38	90.73	80.04	99.43	0.99	1.03	50.07	26.36	137.17	64.02	19.28	12.09	4.61	1.96	10.46	28.21
BT3	44.78	0.09	96.13	90.69	78.39	99.37	0.99	1.03	50.40	31.00	127.95	63.99	16.85	13.76	5.40	3.30	12.94	27.23
BT4	44.28	0.21	94.40	89.23	77.87	99.37	0.99	1.02	50.36	29.97	122.24	63.30	16.77	14.49	5.44	2.78	11.89	28.08
CD1	42.87	0.07	92.72	87.13	79.91	99.32	0.99	1.02	50.84	31.73	131.61	66.13	17.15	11.10	5.63	3.97	10.48	27.56
CD2	54.48	0.10	95.34	90.56	71.14	99.17	0.98	1.03	48.93	28.40	133.78	56.71	16.51	21.01	5.76	2.60	9.35	23.98
CD3	45.73	0.20	94.91	89.69	71.70	99.15	0.98	1.03	48.66	26.41	135.59	56.20	17.37	20.30	6.13	2.68	9.56	23.46
CD4	38.21	0.17	95.49	89.43	77.95	99.27	0.98	1.03	49.69	30.66	127.96	61.38	18.18	14.11	6.33	3.38	9.30	26.13
CR1	88.60	0.12	96.31	90.02	78.04	99.26	0.99	1.02	50.86	39.07	121.19	65.57	15.87	12.62	5.94	4.22	10.89	27.04
CR2	59.68	0.07	92.59	87.76	75.20	99.27	0.98	1.04	49.77	41.62	130.81	62.23	16.51	15.97	5.30	2.99	10.07	26.03
CR3	46.64	0.17	95.21	88.78	81.27	99.31	0.99	1.02	51.01	32.83	126.53	66.72	16.89	10.23	6.16	4.14	10.18	28.34
CR4	48.82	0.10	96.26	91.18	75.00	99.25	0.98	1.03	49.36	28.18	134.62	60.01	17.26	17.08	5.66	3.19	9.40	25.48
CT1	41.57	0.13	95.50	89.91	76.83	99.27	0.99	1.02	50.38	29.38	134.72	62.05	17.17	14.95	5.84	3.26	10.35	26.13
CT2	95.62	0.06	96.15	91.56	74.72	99.19	1.00	1.01	50.55	36.45	116.09	61.33	15.24	18.16	5.27	2.71	9.86	27.20
CT3	44.16	0.02	96.58	91.42	77.43	99.31	0.99	1.03	50.15	29.13	130.48	62.24	17.38	14.93	5.46	3.10	9.99	26.74
CT4	61.51	0.14	94.35	89.16	79.35	99.28	1.00	1.02	50.72	33.80	119.83	63.70	17.17	13.51	5.61	3.04	9.05	28.34
DD1	109.37	0.08	92.30	85.64	73.18	99.15	1.00	1.01	51.99	39.86	119.34	62.19	14.12	16.67	7.03	3.13	11.48	25.08
DD2	56.87	0.19	93.93	87.52	77.05	99.24	0.99	1.03	50.52	38.29	127.83	64.20	16.33	13.16	6.31	4.38	11.48	25.45
DD3	40.01	0.14	93.82	88.00	75.24	99.21	0.99	1.02	49.96	26.49	127.37	59.31	16.74	17.35	6.60	3.22	9.10	25.59
DR1	42.77	0.08	93.17	88.16	67.59	99.09	0.99	1.02	49.29	28.51	121.69	56.25	14.57	23.12	6.06	3.69	10.77	22.26
DR2	48.66	0.07	96.11	90.88	68.79	99.15	0.99	1.03	49.04	29.58	132.81	56.79	15.64	21.62	5.94	3.43	11.06	22.17
DR3	53.86	0.10	95.60	91.50	57.87	98.87	0.99	1.03	46.76	24.67	131.48	45.93	14.11	33.91	6.05	3.60	10.36	17.57
DT1	47.95	0.11	95.24	90.47	70.76	99.17	0.99	1.03	49.05	27.51	134.66	56.99	16.76	20.75	5.51	2.93	10.52	22.91
DT2	48.55	0.05	96.85	92.26	72.25	99.26	0.99	1.03	48.87	26.92	134.49	57.30	17.41	20.03	5.27	2.80	9.79	23.76
DT3	51.15	0.33	94.41	89.13	75.54	99.18	0.98	1.03	49.99	31.53	130.66	62.05	17.53	15.03	5.40	3.30	11.02	24.68
DT4	49.20	0.07	96.15	92.12	63.07	99.06	0.99	1.03	47.53	24.84	117.94	50.33	14.52	29.50	5.65	3.28	10.42	20.52
ED1	50.32	0.21	95.73	89.73	72.99	99.11	0.99	1.03	49.30	30.76	128.90	57.98	17.25	18.17	6.59	3.84	9.58	23.20
ED2	48.45	0.10	95.66	90.11	70.41	99.09	0.99	1.03	48.91	28.46	129.47	56.10	17.15	20.41	6.35	3.53	9.96	21.91
ED3	54.19	0.07	96.57	91.11	67.74	99.02	0.99	1.02	48.34	27.74	126.17	52.98	16.46	23.89	6.67	3.39	8.99	21.44
ER1	42.80	0.12	94.12	88.49	74.95	99.15	0.99	1.03	49.58	29.25	136.20	59.87	18.16	15.81	6.16	3.75	10.06	23.64
ER2	53.68	0.47	96.01	89.92	72.17	98.99	1.00	1.02	49.34	31.75	129.16	57.59	17.43	18.39	6.59	3.32	10.25	22.53
ER3	64.67	0.24	96.00	91.39	63.79	98.89	0.99	1.03	47.29	24.73	135.65	49.65	16.22	28.04	6.09	3.61	8.98	19.58
ET1	45.89	0.20	94.88	89.99	76.92	99.25	0.99	1.03	49.76	30.51	140.55	62.24	18.66	14.05	5.05	4.05	11.09	24.54
ET2	30.79	0.05	92.04	87.23	78.67	99.30	1.00	1.03	50.43	26.76	122.21	63.54	17.51	13.74	5.22	3.75	9.47	27.25
ET3	47.19	0.10	95.68	90.81	80.45	99.39	0.98	1.04	48.94	27.19	130.71	61.02	20.50	13.52	4.96	2.98	8.82	26.88
